varName
363 52 2012 06 25 2019 06 03 6 0
(36x,f5.0)
25JUN2012 varName 06 25 2012 26   1 10009
02JUL2012 varName 07 02 2012 27   2 10090
09JUL2012 varName 07 09 2012 28   3 10120
16JUL2012 varName 07 16 2012 29   4 10140
23JUL2012 varName 07 23 2012 30   5 10160
30JUL2012 varName 07 30 2012 31   6 10171
06AUG2012 varName 08 06 2012 32   7 10181
13AUG2012 varName 08 13 2012 33   8 10181
20AUG2012 varName 08 20 2012 34   9 10191
27AUG2012 varName 08 27 2012 35  10 10191
03SEP2012 varName 09 03 2012 36  11 10211
10SEP2012 varName 09 10 2012 37  12 10221
17SEP2012 varName 09 17 2012 38  13 10232
24SEP2012 varName 09 24 2012 39  14 10242
01OCT2012 varName 10 01 2012 40  15 10252
08OCT2012 varName 10 08 2012 41  16 10273
15OCT2012 varName 10 15 2012 42  17 10283
22OCT2012 varName 10 22 2012 43  18 10304
29OCT2012 varName 10 29 2012 44  19 10304
05NOV2012 varName 11 05 2012 45  20 10314
12NOV2012 varName 11 12 2012 46  21 10324
19NOV2012 varName 11 19 2012 47  22 10334
26NOV2012 varName 11 26 2012 48  23 10345
03DEC2012 varName 12 03 2012 49  24 10355
10DEC2012 varName 12 10 2012 50  25 10366
17DEC2012 varName 12 17 2012 51  26 10376
24DEC2012 varName 12 24 2012 52  27 10386
31DEC2012 varName 12 31 2012  1  28 10407
07JAN2013 varName 01 07 2013  2  29 10438
14JAN2013 varName 01 14 2013  3  30 10449
21JAN2013 varName 01 21 2013  4  31 10470
28JAN2013 varName 01 28 2013  5  32 10491
04FEB2013 varName 02 04 2013  6  33 10511
11FEB2013 varName 02 11 2013  7  34 10522
18FEB2013 varName 02 18 2013  8  35 10533
25FEB2013 varName 02 25 2013  9  36 10554
04MAR2013 varName 03 04 2013 10  37 10564
11MAR2013 varName 03 11 2013 11  38 10575
18MAR2013 varName 03 18 2013 12  39 10585
25MAR2013 varName 03 25 2013 13  40 10596
01APR2013 varName 04 01 2013 14  41 10596
08APR2013 varName 04 08 2013 15  42 10606
15APR2013 varName 04 15 2013 16  43 10628
22APR2013 varName 04 22 2013 17  44 10638
29APR2013 varName 04 29 2013 18  45 10649
06MAY2013 varName 05 06 2013 19  46 10660
13MAY2013 varName 05 13 2013 20  47 10670
20MAY2013 varName 05 20 2013 21  48 10692
27MAY2013 varName 05 27 2013 22  49 10713
03JUN2013 varName 06 03 2013 23  50 10724
10JUN2013 varName 06 10 2013 24  51 10734
17JUN2013 varName 06 17 2013 25  52 10745
24JUN2013 varName 06 24 2013 26  53 10756
01JUL2013 varName 07 01 2013 27  54 10799
08JUL2013 varName 07 08 2013 28  55 10821
15JUL2013 varName 07 15 2013 29  56 10831
22JUL2013 varName 07 22 2013 30  57 10853
29JUL2013 varName 07 29 2013 31  58 10864
05AUG2013 varName 08 05 2013 32  59 10875
12AUG2013 varName 08 12 2013 33  60 10875
19AUG2013 varName 08 19 2013 34  61 10875
26AUG2013 varName 08 26 2013 35  62 10875
02SEP2013 varName 09 02 2013 36  63 10875
09SEP2013 varName 09 09 2013 37  64 10886
16SEP2013 varName 09 16 2013 38  65 10886
23SEP2013 varName 09 23 2013 39  66 10896
30SEP2013 varName 09 30 2013 40  67 10896
07OCT2013 varName 10 07 2013 41  68 10907
14OCT2013 varName 10 14 2013 42  69 10918
21OCT2013 varName 10 21 2013 43  70 10940
28OCT2013 varName 10 28 2013 44  71 10951
04NOV2013 varName 11 04 2013 45  72 10962
11NOV2013 varName 11 11 2013 46  73 10973
18NOV2013 varName 11 18 2013 47  74 10984
25NOV2013 varName 11 25 2013 48  75 10995
02DEC2013 varName 12 02 2013 49  76 11017
09DEC2013 varName 12 09 2013 50  77 11028
16DEC2013 varName 12 16 2013 51  78 11039
23DEC2013 varName 12 23 2013 52  79 11050
30DEC2013 varName 12 30 2013  1  80 11068
06JAN2014 varName 01 06 2014  2  81 11094
13JAN2014 varName 01 13 2014  3  82 11128
20JAN2014 varName 01 20 2014  4  83 11139
27JAN2014 varName 01 27 2014  5  84 11150
03FEB2014 varName 02 03 2014  6  85 11161
10FEB2014 varName 02 10 2014  7  86 11183
17FEB2014 varName 02 17 2014  8  87 11206
24FEB2014 varName 02 24 2014  9  88 11228
03MAR2014 varName 03 03 2014 10  89 11251
10MAR2014 varName 03 10 2014 11  90 11273
17MAR2014 varName 03 17 2014 12  91 11296
24MAR2014 varName 03 24 2014 13  92 11318
31MAR2014 varName 03 31 2014 14  93 11341
07APR2014 varName 04 07 2014 15  94 11363
14APR2014 varName 04 14 2014 16  95 11386
21APR2014 varName 04 21 2014 17  96 11409
28APR2014 varName 04 28 2014 18  97 11432
05MAY2014 varName 05 05 2014 19  98 11455
12MAY2014 varName 05 12 2014 20  99 11478
19MAY2014 varName 05 19 2014 21 100 11501
26MAY2014 varName 05 26 2014 22 101 11535
02JUN2014 varName 06 02 2014 23 102 11558
09JUN2014 varName 06 09 2014 24 103 11570
16JUN2014 varName 06 16 2014 25 104 11581
23JUN2014 varName 06 23 2014 26 105 11593
30JUN2014 varName 06 30 2014 27 106 11604
07JUL2014 varName 07 07 2014 28 107 11639
14JUL2014 varName 07 14 2014 29 108 11651
21JUL2014 varName 07 21 2014 30 109 11663
28JUL2014 varName 07 28 2014 31 110 11663
04AUG2014 varName 08 04 2014 32 111 11663
11AUG2014 varName 08 11 2014 33 112 11663
18AUG2014 varName 08 18 2014 34 113 11674
25AUG2014 varName 08 25 2014 35 114 11686
01SEP2014 varName 09 01 2014 36 115 11698
08SEP2014 varName 09 08 2014 37 116 11721
15SEP2014 varName 09 15 2014 38 117 11733
22SEP2014 varName 09 22 2014 39 118 11756
29SEP2014 varName 09 29 2014 40 119 11780
06OCT2014 varName 10 06 2014 41 120 11803
13OCT2014 varName 10 13 2014 42 121 11827
20OCT2014 varName 10 20 2014 43 122 11862
27OCT2014 varName 10 27 2014 44 123 11886
03NOV2014 varName 11 03 2014 45 124 11922
10NOV2014 varName 11 10 2014 46 125 11946
17NOV2014 varName 11 17 2014 47 126 11981
24NOV2014 varName 11 24 2014 48 127 12017
01DEC2014 varName 12 01 2014 49 128 12053
08DEC2014 varName 12 08 2014 50 129 12090
15DEC2014 varName 12 15 2014 51 130 12138
22DEC2014 varName 12 22 2014 52 131 12247
29DEC2014 varName 12 29 2014  1 132 12353
05JAN2015 varName 01 05 2015  2 133 12456
12JAN2015 varName 01 12 2015  3 134 12556
19JAN2015 varName 01 19 2015  4 135 12644
26JAN2015 varName 01 26 2015  5 136 12720
02FEB2015 varName 02 02 2015  6 137 12834
09FEB2015 varName 02 09 2015  7 138 12911
16FEB2015 varName 02 16 2015  8 139 12963
23FEB2015 varName 02 23 2015  9 140 13041
02MAR2015 varName 03 02 2015 10 141 13067
09MAR2015 varName 03 09 2015 11 142 13093
16MAR2015 varName 03 16 2015 12 143 13119
23MAR2015 varName 03 23 2015 13 144 13145
30MAR2015 varName 03 30 2015 14 145 13185
06APR2015 varName 04 06 2015 15 146 13211
13APR2015 varName 04 13 2015 16 147 13224
20APR2015 varName 04 20 2015 17 148 13251
27APR2015 varName 04 27 2015 18 149 13264
04MAY2015 varName 05 04 2015 19 150 13277
11MAY2015 varName 05 11 2015 20 151 13290
18MAY2015 varName 05 18 2015 21 152 13304
25MAY2015 varName 05 25 2015 22 153 13317
01JUN2015 varName 06 01 2015 23 154 13330
08JUN2015 varName 06 08 2015 24 155 13330
15JUN2015 varName 06 15 2015 25 156 13344
22JUN2015 varName 06 22 2015 26 157 13357
29JUN2015 varName 06 29 2015 27 158 13357
06JUL2015 varName 07 06 2015 28 159 13451
13JUL2015 varName 07 13 2015 29 160 13464
20JUL2015 varName 07 20 2015 30 161 13477
27JUL2015 varName 07 27 2015 31 162 13477
03AUG2015 varName 08 03 2015 32 163 13477
10AUG2015 varName 08 10 2015 33 164 13477
17AUG2015 varName 08 17 2015 34 165 13477
24AUG2015 varName 08 24 2015 35 166 13491
31AUG2015 varName 08 31 2015 36 167 13518
07SEP2015 varName 09 07 2015 37 168 13545
14SEP2015 varName 09 14 2015 38 169 13559
21SEP2015 varName 09 21 2015 39 170 13586
28SEP2015 varName 09 28 2015 40 171 13599
05OCT2015 varName 10 05 2015 41 172 13613
12OCT2015 varName 10 12 2015 42 173 13640
19OCT2015 varName 10 19 2015 43 174 13667
26OCT2015 varName 10 26 2015 44 175 13695
02NOV2015 varName 11 02 2015 45 176 13722
09NOV2015 varName 11 09 2015 46 177 13749
16NOV2015 varName 11 16 2015 47 178 13763
23NOV2015 varName 11 23 2015 48 179 13777
30NOV2015 varName 11 30 2015 49 180 13791
07DEC2015 varName 12 07 2015 50 181 13818
14DEC2015 varName 12 14 2015 51 182 13846
21DEC2015 varName 12 21 2015 52 183 13874
28DEC2015 varName 12 28 2015 53 184 13906
04JAN2016 varName 01 04 2016  1 185 13943
11JAN2016 varName 01 11 2016  2 186 13985
18JAN2016 varName 01 18 2016  3 187 14013
25JAN2016 varName 01 25 2016  4 188 14041
01FEB2016 varName 02 01 2016  5 189 14069
08FEB2016 varName 02 08 2016  6 190 14097
15FEB2016 varName 02 15 2016  7 191 14125
22FEB2016 varName 02 22 2016  8 192 14154
29FEB2016 varName 02 29 2016  9 193 14168
07MAR2016 varName 03 07 2016 10 194 14196
14MAR2016 varName 03 14 2016 11 195 14210
21MAR2016 varName 03 21 2016 12 196 14225
28MAR2016 varName 03 28 2016 13 197 14239
04APR2016 varName 04 04 2016 14 198 14253
11APR2016 varName 04 11 2016 15 199 14267
18APR2016 varName 04 18 2016 16 200 14296
25APR2016 varName 04 25 2016 17 201 14310
02MAY2016 varName 05 02 2016 18 202 14339
09MAY2016 varName 05 09 2016 19 203 14353
16MAY2016 varName 05 16 2016 20 204 14367
23MAY2016 varName 05 23 2016 21 205 14382
30MAY2016 varName 05 30 2016 22 206 14396
06JUN2016 varName 06 06 2016 23 207 14396
13JUN2016 varName 06 13 2016 24 208 14411
20JUN2016 varName 06 20 2016 25 209 14425
27JUN2016 varName 06 27 2016 26 210 14439
04JUL2016 varName 07 04 2016 27 211 14497
11JUL2016 varName 07 11 2016 28 212 14512
18JUL2016 varName 07 18 2016 29 213 14526
25JUL2016 varName 07 25 2016 30 214 14541
01AUG2016 varName 08 01 2016 31 215 14526
08AUG2016 varName 08 08 2016 32 216 14512
15AUG2016 varName 08 15 2016 33 217 14512
22AUG2016 varName 08 22 2016 34 218 14526
29AUG2016 varName 08 29 2016 35 219 14526
05SEP2016 varName 09 05 2016 36 220 14526
12SEP2016 varName 09 12 2016 37 221 14526
19SEP2016 varName 09 19 2016 38 222 14541
26SEP2016 varName 09 26 2016 39 223 14555
03OCT2016 varName 10 03 2016 40 224 14570
10OCT2016 varName 10 10 2016 41 225 14584
17OCT2016 varName 10 17 2016 42 226 14599
24OCT2016 varName 10 24 2016 43 227 14628
31OCT2016 varName 10 31 2016 44 228 14643
07NOV2016 varName 11 07 2016 45 229 14657
14NOV2016 varName 11 14 2016 46 230 14672
21NOV2016 varName 11 21 2016 47 231 14701
28NOV2016 varName 11 28 2016 48 232 14716
05DEC2016 varName 12 05 2016 49 233 14731
12DEC2016 varName 12 12 2016 50 234 14746
19DEC2016 varName 12 19 2016 51 235 14760
26DEC2016 varName 12 26 2016 52 236 14785
02JAN2017 varName 01 02 2017  1 237 14819
09JAN2017 varName 01 09 2017  2 238 14864
16JAN2017 varName 01 16 2017  3 239 14879
23JAN2017 varName 01 23 2017  4 240 14894
30JAN2017 varName 01 30 2017  5 241 14908
06FEB2017 varName 02 06 2017  6 242 14923
13FEB2017 varName 02 13 2017  7 243 14923
20FEB2017 varName 02 20 2017  8 244 14938
27FEB2017 varName 02 27 2017  9 245 14938
06MAR2017 varName 03 06 2017 10 246 14938
13MAR2017 varName 03 13 2017 11 247 14953
20MAR2017 varName 03 20 2017 12 248 14953
27MAR2017 varName 03 27 2017 13 249 14953
03APR2017 varName 04 03 2017 14 250 14968
10APR2017 varName 04 10 2017 15 251 14983
17APR2017 varName 04 17 2017 16 252 14998
24APR2017 varName 04 24 2017 17 253 15028
01MAY2017 varName 05 01 2017 18 254 15043
08MAY2017 varName 05 08 2017 19 255 15058
15MAY2017 varName 05 15 2017 20 256 15073
22MAY2017 varName 05 22 2017 21 257 15073
29MAY2017 varName 05 29 2017 22 258 15088
05JUN2017 varName 06 05 2017 23 259 15103
12JUN2017 varName 06 12 2017 24 260 15119
19JUN2017 varName 06 19 2017 25 261 15134
26JUN2017 varName 06 26 2017 26 262 15149
03JUL2017 varName 07 03 2017 27 263 15209
10JUL2017 varName 07 10 2017 28 264 15225
17JUL2017 varName 07 17 2017 29 265 15240
24JUL2017 varName 07 24 2017 30 266 15240
31JUL2017 varName 07 31 2017 31 267 15225
07AUG2017 varName 08 07 2017 32 268 15209
14AUG2017 varName 08 14 2017 33 269 15194
21AUG2017 varName 08 21 2017 34 270 15194
28AUG2017 varName 08 28 2017 35 271 15164
04SEP2017 varName 09 04 2017 36 272 15149
11SEP2017 varName 09 11 2017 37 273 15149
18SEP2017 varName 09 18 2017 38 274 15149
25SEP2017 varName 09 25 2017 39 275 15149
02OCT2017 varName 10 02 2017 40 276 15149
09OCT2017 varName 10 09 2017 41 277 15149
16OCT2017 varName 10 16 2017 42 278 15149
23OCT2017 varName 10 23 2017 43 279 15164
30OCT2017 varName 10 30 2017 44 280 15164
06NOV2017 varName 11 06 2017 45 281 15164
13NOV2017 varName 11 13 2017 46 282 15179
20NOV2017 varName 11 20 2017 47 283 15179
27NOV2017 varName 11 27 2017 48 284 15194
04DEC2017 varName 12 04 2017 49 285 15209
11DEC2017 varName 12 11 2017 50 286 15225
18DEC2017 varName 12 18 2017 51 287 15240
25DEC2017 varName 12 25 2017 52 288 15255
01JAN2018 varName 01 01 2018  1 289 15278
08JAN2018 varName 01 08 2018  2 290 15308
15JAN2018 varName 01 15 2018  3 291 15324
22JAN2018 varName 01 22 2018  4 292 15339
29JAN2018 varName 01 29 2018  5 293 15339
05FEB2018 varName 02 05 2018  6 294 15354
12FEB2018 varName 02 12 2018  7 295 15370
19FEB2018 varName 02 19 2018  8 296 15385
26FEB2018 varName 02 26 2018  9 297 15385
05MAR2018 varName 03 05 2018 10 298 15401
12MAR2018 varName 03 12 2018 11 299 15416
19MAR2018 varName 03 19 2018 12 300 15431
26MAR2018 varName 03 26 2018 13 301 15447
02APR2018 varName 04 02 2018 14 302 15462
09APR2018 varName 04 09 2018 15 303 15478
16APR2018 varName 04 16 2018 16 304 15493
23APR2018 varName 04 23 2018 17 305 15509
30APR2018 varName 04 30 2018 18 306 15524
07MAY2018 varName 05 07 2018 19 307 15540
14MAY2018 varName 05 14 2018 20 308 15555
21MAY2018 varName 05 21 2018 21 309 15571
28MAY2018 varName 05 28 2018 22 310 15586
04JUN2018 varName 06 04 2018 23 311 15602
11JUN2018 varName 06 11 2018 24 312 15602
18JUN2018 varName 06 18 2018 25 313 15618
25JUN2018 varName 06 25 2018 26 314 15633
02JUL2018 varName 07 02 2018 27 315 15664
09JUL2018 varName 07 09 2018 28 316 15696
16JUL2018 varName 07 16 2018 29 317 15711
23JUL2018 varName 07 23 2018 30 318 15711
30JUL2018 varName 07 30 2018 31 319 15711
06AUG2018 varName 08 06 2018 32 320 15711
13AUG2018 varName 08 13 2018 33 321 15711
20AUG2018 varName 08 20 2018 34 322 15727
27AUG2018 varName 08 27 2018 35 323 15743
03SEP2018 varName 09 03 2018 36 324 15743
10SEP2018 varName 09 10 2018 37 325 15743
17SEP2018 varName 09 17 2018 38 326 15743
24SEP2018 varName 09 24 2018 39 327 15759
01OCT2018 varName 10 01 2018 40 328 15774
08OCT2018 varName 10 08 2018 41 329 15790
15OCT2018 varName 10 15 2018 42 330 15806
22OCT2018 varName 10 22 2018 43 331 15822
29OCT2018 varName 10 29 2018 44 332 15838
05NOV2018 varName 11 05 2018 45 333 15853
12NOV2018 varName 11 12 2018 46 334 15885
19NOV2018 varName 11 19 2018 47 335 15901
26NOV2018 varName 11 26 2018 48 336 15917
03DEC2018 varName 12 03 2018 49 337 15949
10DEC2018 varName 12 10 2018 50 338 15981
17DEC2018 varName 12 17 2018 51 339 16013
24DEC2018 varName 12 24 2018 52 340 16061
31DEC2018 varName 12 31 2018  1 341 16125
07JAN2019 varName 01 07 2019  2 342 16206
14JAN2019 varName 01 14 2019  3 343 16238
21JAN2019 varName 01 21 2019  4 344 16270
28JAN2019 varName 01 28 2019  5 345 16287
04FEB2019 varName 02 04 2019  6 346 16303
11FEB2019 varName 02 11 2019  7 347 16319
18FEB2019 varName 02 18 2019  8 348 16336
25FEB2019 varName 02 25 2019  9 349 16352
04MAR2019 varName 03 04 2019 10 350 16368
11MAR2019 varName 03 11 2019 11 351 16385
18MAR2019 varName 03 18 2019 12 352 16401
25MAR2019 varName 03 25 2019 13 353 16417
01APR2019 varName 04 01 2019 14 354 16417
08APR2019 varName 04 08 2019 15 355 16417
15APR2019 varName 04 15 2019 16 356 16434
22APR2019 varName 04 22 2019 17 357 16450
29APR2019 varName 04 29 2019 18 358 16467
06MAY2019 varName 05 06 2019 19 359 16483
13MAY2019 varName 05 13 2019 20 360 16500
20MAY2019 varName 05 20 2019 21 361 16516
27MAY2019 varName 05 27 2019 22 362 16533
03JUN2019 varName 06 03 2019 23 363 16533
